[[1, [1], 0, 0, true],
 [2, [1, 2], 0, 0, true],
 [3, [1, 3], 0, 0, true],
 [4, [1, 4, 2], 2, 2, false],
 [5, [1, 5], 0, 0, true],
 [6, [1, 6, 2, 3], 0, 0, true],
 [7, [1, 7], 0, 0, true],
 [8, [1, 8, 2, 4], 0, 6, false],
 [9, [1, 9, 3], 3, 3, false],
 [10, [1, 10, 2, 5], 0, 0, true],
 [11, [1, 11], 0, 0, true],
 [12, [1, 12, 2, 6, 3, 4], 8, 8, false],
 [13, [1, 13], 0, 0, true],
 [14, [1, 14, 2, 7], 0, 0, true],
 [15, [1, 15, 3, 5], 0, 0, true],
 [16, [1, 16, 2, 8, 4], 14, 14, false],
 [17, [1, 17], 0, 0, true],
 [18, [1, 18, 2, 9, 3, 6], 9, 9, false],
 [19, [1, 19], 0, 0, true],
 [20, [1, 20, 2, 10, 4, 5], 12, 12, false],
 [21, [1, 21, 3, 7], 0, 0, true],
 [22, [1, 22, 2, 11], 0, 0, true],
 [23, [1, 23], 0, 0, true],
 [24, [1, 24, 2, 12, 3, 8, 4, 6], 0, 24, false]]
