0   1: 1
0   2: 2 2
0   3: 3 2
2   4: 2 2 2
0   5: 5 2
0   6: 2 3 4
0   7: 7 2
4   8: 2 2 2 2
3   9: 3 3 2
0  10: 2 5 4
0  11: 11 2
4  12: 2 2 3 4
0  13: 13 2
0  14: 2 7 4
0  15: 3 5 4
8  16: 2 2 2 2 2
0  17: 17 2
6  18: 2 3 3 4
0  19: 19 2
4  20: 2 2 5 4
0  21: 3 7 4
0  22: 2 11 4
0  23: 23 2
8  24: 2 2 2 3 4
5  25: 5 5 2
0  26: 2 13 4
6  27: 3 3 3 2
4  28: 2 2 7 4
0  29: 29 2
0  30: 2 3 5 8
0  31: 31 2
12 32: 2 2 2 2 2 2
0  33: 3 11 4
0  34: 2 17 4
0  35: 5 7 4
16 36: 2 2 3 3 4
0  37: 37 2
0  38: 2 19 4
0  39: 3 13 4
8  40: 2 2 2 5 4
0  41: 41 2
0  42: 2 3 7 8
0  43: 43 2
4  44: 2 2 11 4
6  45: 3 3 5 4
0  46: 2 23 4
0  47: 47 2
16 48: 2 2 2 2 3 4
7  49: 7 7 2
10 50: 2 5 5 4
0  51: 3 17 4
4  52: 2 2 13 4
0  53: 53 2
12 54: 2 3 3 3 4
0  55: 5 11 4
8  56: 2 2 2 7 4
0  57: 3 19 4
0  58: 2 29 4
0  59: 59 2
8  60: 2 2 3 5 8
0  61: 61 2
0  62: 2 31 4
6  63: 3 3 7 4
20 64: 2 2 2 2 2 2 2
0  65: 5 13 4
0  66: 2 3 11 8
0  67: 67 2
4  68: 2 2 17 4
0  69: 3 23 4
0  70: 2 5 7 8
0  71: 71 2
26 72: 2 2 2 3 3 4
0  73: 73 2
0  74: 2 37 4
10 75: 3 5 5 4
4  76: 2 2 19 4
0  77: 7 11 4
0  78: 2 3 13 8
0  79: 79 2
16 80: 2 2 2 2 5 4
15 81: 3 3 3 3 2
0  82: 2 41 4
0  83: 83 2
8  84: 2 2 3 7 8
0  85: 5 17 4
0  86: 2 43 4
0  87: 3 29 4
8  88: 2 2 2 11 4
0  89: 89 2
12 90: 2 3 3 5 8
0  91: 7 13 4
4  92: 2 2 23 4
0  93: 3 31 4
0  94: 2 47 4
